td_0_string=_
td_0_data=311.000000 139.000000 1 1 1 0 0.600000 23.800003 -1 255 -1094795561 1 298.000000 275.500000 0 2 1 0 1 1 -10.000000 0.000000 -20.000000 1.000000 255 255 215 
td_0_bar_data=100.000000 0 
td_1_string=Repara firele
td_1_data=277.000000 137.000000 3 1 1 0 0.308333 1.500000 -1 255 50 0 400.000000 17.000000 0 1 1 0 1 1 -10.000000 0.000000 -20.000000 1.000000 255 255 50 
td_1_bar_data=100.000000 0 
td_2_string=_
td_2_data=299.000000 188.000000 1 1 1 0 0.600000 0.300003 -1 255 -65281 1 298.500000 194.500000 0 2 1 0 1 1 -10.000000 0.000000 -20.000000 1.000000 255 255 255 
td_2_bar_data=100.000000 0 
td_3_string=ld_pool:ball
td_3_data=186.000000 181.000000 4 1 1 0 0.600000 2.000000 -741092353 -16776961 65396 0 17.000000 17.000000 1 1 1 0 1 1 -10.000000 0.000000 -20.000000 1.000000 255 255 116 
td_3_bar_data=100.000000 0 
td_4_string=_
td_4_data=299.000000 220.000000 1 1 1 0 0.600000 0.300003 -1 255 -16776961 1 298.500000 194.500000 0 2 1 0 1 1 -10.000000 0.000000 -20.000000 1.000000 255 255 255 
td_4_bar_data=100.000000 0 
td_5_string=ld_pool:ball
td_5_data=396.000000 181.000000 4 1 1 0 0.600000 2.000000 -741092353 -16776961 65396 0 17.000000 17.000000 1 1 1 0 1 1 -10.000000 0.000000 -20.000000 1.000000 255 255 116 
td_5_bar_data=100.000000 0 
td_6_string=ld_pool:ball
td_6_data=186.000000 214.000000 4 1 1 0 0.600000 2.000000 -741092353 -16776961 65396 0 17.000000 17.000000 1 1 1 0 1 1 -10.000000 0.000000 -20.000000 1.000000 255 255 116 
td_6_bar_data=100.000000 0 
td_7_string=ld_pool:ball
td_7_data=396.000000 214.000000 4 1 1 0 0.600000 2.000000 -741092353 -16776961 65396 0 17.000000 17.000000 1 1 1 0 1 1 -10.000000 0.000000 -20.000000 1.000000 255 255 116 
td_7_bar_data=100.000000 0 
td_8_string=_
td_8_data=299.000000 251.000000 1 1 1 0 0.600000 0.300003 -1 255 1097458175 1 298.500000 194.500000 0 2 1 0 1 1 -10.000000 0.000000 -20.000000 1.000000 255 255 255 
td_8_bar_data=100.000000 0 
td_9_string=ld_pool:ball
td_9_data=396.000000 244.000000 4 1 1 0 0.600000 2.000000 -741092353 -16776961 65396 0 17.000000 17.000000 1 1 1 0 1 1 -10.000000 0.000000 -20.000000 1.000000 255 255 116 
td_9_bar_data=100.000000 0 
td_10_string=ld_pool:ball
td_10_data=187.000000 244.000000 4 1 1 0 0.600000 2.000000 -741092353 -16776961 65396 0 17.000000 17.000000 1 1 1 0 1 1 -10.000000 0.000000 -20.000000 1.000000 255 255 116 
td_10_bar_data=100.000000 0 
td_11_string=_
td_11_data=299.000000 281.000000 1 1 1 0 0.600000 0.300003 -1 255 1433087999 1 298.500000 194.500000 0 2 1 0 1 1 -10.000000 0.000000 -20.000000 1.000000 255 255 255 
td_11_bar_data=100.000000 0 
td_12_string=ld_pool:ball
td_12_data=187.000000 274.000000 4 1 1 0 0.600000 2.000000 -741092353 -16776961 65396 0 17.000000 17.000000 1 1 1 0 1 1 -10.000000 0.000000 -20.000000 1.000000 255 255 116 
td_12_bar_data=100.000000 0 
td_13_string=ld_pool:ball
td_13_data=397.000000 274.000000 4 1 1 0 0.600000 2.000000 -741092353 -16776961 65396 0 17.000000 17.000000 1 1 1 0 1 1 -10.000000 0.000000 -20.000000 1.000000 255 255 116 
td_13_bar_data=100.000000 0 
