td_0_string=_
td_0_data=321.000000 149.000000 1 1 1 0 0.495833 22.300003 -1 255 1097458055 1 308.500000 380.000000 0 2 1 0 1 1 -10.000000 0.000000 -20.000000 1.000000 255 255 135 
td_0_bar_data=100.000000 0 
td_1_string=Preview_Model
td_1_data=180.000000 150.000000 5 1 0 0 0.600000 2.000000 -1 0 0 0 57.500000 70.000000 1 1 1 19630 0 0 -10.000000 3.000000 -22.000000 0.699999 255 0 0 
td_1_bar_data=100.000000 0 
td_2_string=Preview_Model
td_2_data=310.000000 210.000000 5 1 0 0 0.600000 2.000000 -1 0 0 0 57.500000 70.000000 1 1 1 19630 0 0 -10.000000 3.000000 -22.000000 0.699999 255 0 0 
td_2_bar_data=100.000000 0 
td_3_string=Preview_Model
td_3_data=190.000000 250.000000 5 1 0 0 0.600000 2.000000 -1 0 0 0 57.500000 70.000000 1 1 1 19630 0 0 -10.000000 3.000000 -22.000000 0.699999 255 0 0 
td_3_bar_data=100.000000 0 
td_4_string=_
td_4_data=426.000000 150.000000 2 1 1 0 0.600000 22.149997 -1 255 -121 1 297.000000 -3.500000 0 2 1 0 1 1 -10.000000 0.000000 -20.000000 1.000000 255 255 135 
td_4_bar_data=100.000000 0 
td_5_string=Ai prins ~b~~h~99 ~w~de pesti
td_5_data=437.000000 150.000000 1 1 1 0 0.191667 0.650000 -1 255 50 0 585.000000 17.000000 0 1 1 0 1 1 -10.000000 0.000000 -20.000000 1.000000 255 255 50 
td_5_bar_data=100.000000 0 
td_6_string=Esti un pescar ~r~adevarat
td_6_data=433.000000 164.000000 1 1 1 0 0.191667 0.650000 -1 255 50 0 585.000000 17.000000 0 1 1 0 1 1 -10.000000 0.000000 -20.000000 1.000000 255 255 50 
td_6_bar_data=100.000000 0 
td_7_string=ld_drv:ribb
td_7_data=462.000000 200.000000 4 1 1 0 0.600000 2.000000 -1 255 50 1 -32.500000 19.000000 0 1 1 0 1 1 -10.000000 0.000000 -20.000000 1.000000 255 255 50 
td_7_bar_data=100.000000 0 
td_8_string=ld_drv:ribb
td_8_data=473.000000 202.000000 4 1 1 0 0.600000 2.000000 -1 255 50 1 37.500000 18.000000 0 1 1 0 1 1 -10.000000 0.000000 -20.000000 1.000000 255 255 50 
td_8_bar_data=100.000000 0 
td_9_string=ld_drv:golfly
td_9_data=454.000000 180.000000 4 1 1 0 0.600000 2.000000 -1 255 50 1 33.500000 43.500000 0 1 1 0 1 1 -10.000000 0.000000 -20.000000 1.000000 255 255 50 
td_9_bar_data=100.000000 0 
