td_0_string=_
td_0_data=306.000000 151.000000 1 1 1 0 0.487499 18.750011 -1 255 135 1 300.500000 120.500000 0 2 1 0 1 1 -10.000000 0.000000 -20.000000 1.000000 255 255 135 
td_0_bar_data=100.000000 0 
td_1_string=LOGIN
td_1_data=286.000000 197.000000 1 1 1 0 0.337500 1.100000 -1 255 50 0 400.000000 17.000000 0 1 1 0 1 1 -10.000000 0.000000 -20.000000 1.000000 255 255 50 
td_1_bar_data=100.000000 0 
td_2_string=Nume utilizator
td_2_data=266.000000 209.000000 1 1 1 0 0.300000 1.350000 -1 255 50 0 400.000000 17.000000 0 1 1 0 1 1 -10.000000 0.000000 -20.000000 1.000000 255 255 50 
td_2_bar_data=100.000000 0 
td_3_string=_
td_3_data=306.000000 224.000000 1 1 1 0 0.641666 0.699993 -1 2094792959 -168436601 1 302.000000 106.500000 1 2 1 0 1 1 -10.000000 0.000000 -20.000000 1.000000 255 255 135 
td_3_bar_data=100.000000 0 
td_4_string=Parola
td_4_data=291.000000 238.000000 1 1 1 0 0.300000 1.350000 -1 255 50 0 400.000000 17.000000 0 1 1 0 1 1 -10.000000 0.000000 -20.000000 1.000000 255 255 50 
td_4_bar_data=100.000000 0 
td_5_string=_
td_5_data=307.000000 252.000000 2 1 1 0 0.600000 0.699993 -1 2094792959 -168436601 1 292.500000 107.000000 1 2 1 0 1 1 -10.000000 0.000000 -20.000000 1.000000 255 255 135 
td_5_bar_data=100.000000 0 
td_6_string=[][][][][][][]
td_6_data=267.000000 250.000000 2 1 1 0 0.150000 1.100000 -1 255 50 0 400.000000 17.000000 1 1 1 0 1 1 -10.000000 0.000000 -20.000000 1.000000 255 255 50 
td_6_bar_data=100.000000 0 
td_7_string=andreiusq
td_7_data=285.000000 221.000000 1 1 1 0 0.229167 1.100000 -1 255 50 0 400.000000 17.000000 1 1 1 0 1 1 -10.000000 0.000000 -20.000000 1.000000 255 255 50 
td_7_bar_data=100.000000 0 
td_8_string=Logare
td_8_data=290.000000 282.000000 1 1 1 0 0.245833 1.300000 -1 255 50 0 400.000000 17.000000 1 1 1 0 1 1 -10.000000 0.000000 -20.000000 1.000000 255 255 50 
td_8_bar_data=100.000000 0 
