td_0_string=Start Work
td_0_data=306.000000 300.000000 1 1 1 0 0.258332 1.750000 -1 255 200 1 16.500000 90.500000 1 2 1 0 1 1 -10.000000 0.000000 -20.000000 1.000000 255 255 200 
td_0_bar_data=100.000000 0 
td_1_string=Lumberjack
td_1_data=249.000000 151.000000 1 1 1 0 0.600000 2.000000 -1 255 50 0 400.000000 17.000000 0 1 1 0 1 1 -10.000000 0.000000 -20.000000 1.000000 255 255 50 
td_1_bar_data=100.000000 0 
td_2_string=asfsafsafasfsafsafasfsafsaf
td_2_data=182.000000 176.000000 1 1 1 0 0.500000 1.200000 -1 255 50 0 400.000000 17.000000 0 1 1 0 1 1 -10.000000 0.000000 -20.000000 1.000000 255 255 50 
td_2_bar_data=100.000000 0 
td_3_string=asfasfsafafsafasfasfasfasfsafafsafasfasfasfasfsafafsafasfasf
td_3_data=97.000000 188.000000 1 1 1 0 0.500000 1.200000 -1 255 50 0 400.000000 17.000000 0 1 1 0 1 1 -10.000000 0.000000 -20.000000 1.000000 255 255 50 
td_3_bar_data=100.000000 0 
td_4_string=asfasfasfasfasfasfasfasfasfasfasfasfasfasfasfasfasfasfasfasfasfasfasfasfasfasfasfasfasfasfasfasfasfasfasfasfasfasfasfasfasfasf
td_4_data=1.000000 198.000000 1 1 1 0 0.500000 1.200000 -1 255 50 0 400.000000 17.000000 0 1 1 0 1 1 -10.000000 0.000000 -20.000000 1.000000 255 255 50 
td_4_bar_data=100.000000 0 
td_5_string=asfasfsafafsafasfasfasfasfsafafsafasfasfasfasfsafafsafasfasf
td_5_data=97.000000 209.000000 1 1 1 0 0.500000 1.200000 -1 255 50 0 400.000000 17.000000 0 1 1 0 1 1 -10.000000 0.000000 -20.000000 1.000000 255 255 50 
td_5_bar_data=100.000000 0 
td_6_string=asfsafsafasfsafsafasfsafsaf
td_6_data=182.000000 219.000000 1 1 1 0 0.500000 1.200000 -1 255 50 0 400.000000 17.000000 0 1 1 0 1 1 -10.000000 0.000000 -20.000000 1.000000 255 255 50 
td_6_bar_data=100.000000 0 
td_7_string=Back
td_7_data=306.000000 280.000000 1 1 1 0 0.258332 1.750000 -1 255 200 1 16.500000 90.500000 1 2 1 0 1 1 -10.000000 0.000000 -20.000000 1.000000 255 255 200 
td_7_bar_data=100.000000 0 
td_8_string=Cancel
td_8_data=306.000000 320.000000 1 1 1 0 0.258332 1.750000 -1 255 200 1 16.500000 90.500000 1 2 1 0 1 1 -10.000000 0.000000 -20.000000 1.000000 255 255 200 
td_8_bar_data=100.000000 0 
td_9_string=ld_chat:thumbup
td_9_data=268.000000 303.000000 4 1 1 0 0.600000 2.000000 -1 255 50 1 10.500000 11.000000 0 1 1 0 1 1 -10.000000 0.000000 -20.000000 1.000000 255 255 50 
td_9_bar_data=100.000000 0 
td_10_string=ld_chat:goodcha
td_10_data=268.000000 282.000000 4 1 1 0 0.600000 2.000000 -1 255 50 1 10.500000 11.000000 0 1 1 0 1 1 -10.000000 0.000000 -20.000000 1.000000 255 255 50 
td_10_bar_data=100.000000 0 
td_11_string=ld_chat:thumbdn
td_11_data=268.000000 322.000000 4 1 1 0 0.600000 2.000000 -1 255 50 1 10.500000 11.000000 0 1 1 0 1 1 -10.000000 0.000000 -20.000000 1.000000 255 255 50 
td_11_bar_data=100.000000 0 
