td_0_string=~y~NAME:_~g~INFERNUS~n~~y~SPEED:_~b~100KM/h~n~~y~HEALTH:_~r~100~n~~y~FUEL:_~w~64L
td_0_data=480.000000 316.000000 2 0 1 0 0.229166 1.950000 -1 255 100 1 604.000000 17.000000 0 1 1 0 1 1 -10.000000 0.000000 -20.000000 1.000000 255 255 100 
td_0_bar_data=100.000000 0 
